78.557710 76.614684
97.849176 99.405650
59.944464 55.776784
21.671354 19.852149
40.732115 41.128188
143.969093 144.500788
125.074888 128.188609
106.197977 108.025992
87.881268 87.273562
69.176258 70.401542
50.938908 48.355190
32.016368 32.292032
14.380832 12.907875
115.828233 114.472567
98.437431 98.114129
61.552989 61.528845
42.570591 38.189669
80.167617 82.323658
23.982230 22.223894
125.872994 124.642970
88.789600 89.917974
108.355712 108.933770
52.140340 50.716711
70.924686 71.724996
136.372341 133.704835
33.581826 31.772397
15.053874 17.751606
116.721789 119.708377
108.002961 101.000000
99.578471 100.459770
70.870293 80.840468
82.352742 83.082761
61.442394 60.684868
42.639354 42.760765
25.168744 23.377199
127.008257 125.253837
145.757532 145.179892
61.235095 66.651439
107.601828 108.894525
90.532233 93.081461
71.729939 74.377712
52.454533 51.210135
117.785639 114.013734
33.671563 35.701747
137.564243 134.768457
16.310889 16.246449
82.277089 83.269738
63.642041 62.456284
44.100373 46.039127
127.675060 125.976914
109.144822 108.932938
25.244108 30.395938
91.223840 91.132859
53.883900 53.062018
72.475667 73.829791
138.468452 139.255679
34.776847 36.284829
17.433828 16.896412
117.669203 115.738950
83.475775 81.600909
100.762835 100.360049
64.067322 63.594210
128.948377 128.994748
46.750717 48.065582
27.903826 30.447099
17.445297 11.000000
110.696119 112.990687
91.837406 92.190013
127.690512 124.918345
73.210161 74.448972
54.513193 54.948292
36.268809 36.104723
139.351182 140.412437
119.573763 121.892532
111.240428 103.000000
17.392334 19.475549
85.336498 83.580936
65.758355 66.056195
102.152614 102.308810
129.266656 126.457393
44.463708 41.812281
27.939616 26.275005
17.000000 17.000000
111.077777 111.955852
93.511751 94.291152
74.823477 73.809846
56.804982 56.001956
138.738076 138.533570
19.472286 17.442318
103.455717 102.505336
37.088525 36.863961
131.000000 133.737735
66.631135 68.436924
84.336158 86.749643
47.997767 47.317344
47.967444 42.228936
10.219225 8.287819
30.713092 32.099323
129.713107 131.009014
112.574168 111.835017
94.252964 95.514692
56.984689 53.142013
75.915667 74.626799
140.617851 139.094310
59.000000 65.902206
38.488670 37.958968
102.978702 101.758164
86.295417 85.288385
122.269999 121.932857
19.679468 22.516465
66.966173 66.125860
38.327440 42.647533
30.303666 27.992662
47.920697 47.999200
12.032599 8.791953
